1 0 0 
0.9 0.05 0.05 
0.858579 0.106066 0.0353553 
0.826795 0.0433013 0.129904 
0.8 0.175 0.025 
0.776393 0.0838525 0.139754 
0.755051 0.153093 0.0918559 
0.735425 0.0330719 0.231503 
0.717157 0.265165 0.0176777 
0.7 0.13125 0.16875 
0.683772 0.217407 0.0988212 
0.668338 0.0621867 0.269476 
0.65359 0.281458 0.0649519 
0.639445 0.112673 0.247882 
0.625834 0.210468 0.163698 
0.612702 0.0242061 0.363092 
0.6 0.3875 0.0125 
0.587689 0.193271 0.21904 
0.575736 0.30494 0.119324 
0.56411 0.0953509 0.340539 
0.552786 0.377336 0.0698771 
0.541742 0.157526 0.300732 
0.530958 0.278493 0.190548 
0.520417 0.0449609 0.434622 
0.510102 0.44397 0.0459279 
0.5 0.203125 0.296875 
0.490098 0.334623 0.175279 
0.480385 0.0811899 0.438425 
0.47085 0.413399 0.115752 
0.461484 0.151458 0.387059 
0.452277 0.290978 0.256745 
0.443224 0.0173993 0.539377 
0.434315 0.556847 0.00883883 
0.425544 0.278252 0.296204 
0.416905 0.428211 0.154885 
0.408392 0.138658 0.45295 
0.4 0.515625 0.084375 
0.391724 0.218599 0.389677 
0.383559 0.375644 0.240797 
0.3755 0.0683047 0.556195 
0.367544 0.583045 0.0494106 
0.359688 0.270132 0.370181 
0.351926 0.435425 0.212649 
0.344256 0.112706 0.543038 
0.336675 0.528587 0.134738 
0.32918 0.19915 0.471671 
0.321767 0.370909 0.307324 
0.314435 0.0321359 0.65343 
0.30718 0.660344 0.032476 
0.3 0.317187 0.382812 
0.292893 0.497184 0.209922 
0.285857 0.14506 0.569083 
0.27889 0.597169 0.123941 
0.271989 0.238879 0.489132 
0.265153 0.424833 0.310014 
0.25838 0.0579391 0.683681 
0.251669 0.666483 0.0818488 
0.245017 0.294915 0.460068 
0.238423 0.487885 0.273692 
0.231885 0.108016 0.660098 
0.225403 0.593051 0.181546 
0.218975 0.20746 0.573565 
0.212599 0.406004 0.381397 
0.206275 0.012402 0.781323 
0.2 0.79375 0.00625 
0.193774 0.396814 0.409412 
0.187596 0.602956 0.209448 
0.181465 0.198239 0.620296 
0.175379 0.715101 0.10952 
0.169338 0.305009 0.525654 
0.16334 0.516376 0.320284 
0.157385 0.0987439 0.743871 
0.151472 0.788866 0.0596621 
0.1456 0.367125 0.487275 
0.139767 0.584689 0.275543 
0.133975 0.155614 0.710411 
0.12822 0.70151 0.170269 
0.122504 0.267362 0.610134 
0.116824 0.489887 0.393289 
0.111181 0.0486073 0.840212 
0.105573 0.859489 0.0349386 
0.1 0.414844 0.485156 
0.0944615 0.643781 0.261757 
0.0889566 0.192173 0.71887 
0.0834849 0.766149 0.150366 
0.0780456 0.309719 0.612235 
0.0726382 0.543376 0.383986 
0.0672621 0.0801572 0.852581 
0.0619168 0.842809 0.0952741 
0.0566019 0.375885 0.567513 
0.0513167 0.615162 0.333521 
0.0460608 0.1416 0.812339 
0.0408337 0.741855 0.217311 
0.0356349 0.263694 0.700672 
0.030464 0.507491 0.462044 
0.0253206 0.022844 0.951835 
0.0202041 0.956832 0.022964 
0.0151142 0.46936 0.515526 
0.0100505 0.71926 0.270689 
0.00501256 0.225427 0.769561 
